782
8021922698
5496312114
7007806610
7312352899
3052615306
4492934379
2551081596
6027308745
7615166025
1983962230
912698526
3670616416
1668243420
9205020319
8602012770
3566207
4375081648
1565401089
5235731764
2061159564
6657147860
121393
1509204235
2194407860
3390590216
1597
1230672129
3603856393
2667995244
7936293469
5027928340
9168125941
5024537591
240226598
2611978107
320675321
6772255680
384213611
4015242168
2693710742
1251663594
89
8668654920
8348482228
514949319
7874592282
1808854400
5702887
6871135870
8072108510
693065768
1369216202
8564049371
8611830328
7809703880
384213611
8486350904
6172182051
5115258421
2504272990
6067799625
5329611613
4642457023
8360580441
3101671397
6079154763
2606476474
180639330
7389005837
6606294343
4999977885
1372452038
1635971070
3954906992
457149573
4464518225
3673198815
4700871944
4709229388
7165657735
8772202108
8668654920
3523372745
6572820586
4092675385
1908541324
1499898127
4320686337
725005675
4642457023
2685472636
8641651076
4801496300
3279315774
8490634453
8668654920
1439696276
4765781447
6846104725
8198058044
345167279
8048729201
3782028131
2187310691
1439696276
4007185601
1042518393
1978564266
7769510673
897567106
1
7061285929
9005221300
8145978616
4735355182
3202071826
1164300318
199799184
4620513351
6067799625
7270283601
2625649607
5044169605
4344408510
315718739
82708113
546929939
308966838
5322239976
2976307483
4997523275
3948152849
2287843517
1142098359
1164300318
6621970775
1164300318
8756160133
2260291040
4268647401
8979551610
971074244
3566851720
4807526976
107282149
202711299
2601802294
1004830644
4997523275
4068209539
4852322041
471620500
7131200125
1851328998
4657239474
315780085
2802707346
8654031366
279520705
3445833392
971074244
308966838
8152224674
8820095258
5189494912
3533467265
8161214058
4801496300
60038333
5637519254
5189494912
5239413327
345167279
1983962230
4801496300
6259395605
249509382
4642457023
5689769999
9317262731
44349448
6049677334
6843690549
4550179314
7283686923
7538102875
3052615306
6806600026
3173423797
6485931525
4709229388
4001556377
6806817586
3533467265
7218507583
4700871944
8923401464
5654725098
239397742
6901414944
433336298
4375081648
7353418439
9411212706
5243150503
3533467265
1978564266
9094209992
4550179314
9317262731
1966360613
6135280398
4805769125
3666637397
2537108470
6151909920
3694650723
9168125941
1753533532
4344408510
7617265577
339734640
1817995087
4320068518
1213936336
1161811287
5140972686
8456605160
4221886198
1198356442
3490111044
7936293469
2434598620
7117942250
2164325442
650547201
8034722419
3523372745
4320686337
495138259
3412507663
1522759171
7131200125
703911134
6233081370
5940793643
9260686596
8165557009
2327027906
2990826012
2930909215
18348427
3284841147
7316599307
7283028510
8124679675
7577148980
345167279
1668395855
1005952283
997266639
1142098359
2474416476
7770999133
5813607659
9245894187
5507376230
3702484499
9411212706
9122656949
323947730
4731272927
3702484499
322750743
1827750464
4363240991
5507376230
5365063097
2601802294
8348482228
9307994036
8316859644
6806817586
961675391
5689769999
3111072649
3445833392
912698526
7914155152
5207396870
457149573
317811
5441206925
1802904534
543169123
3584517891
5239413327
1230672129
5249639116
9391859982
3167870012
9100030616
207356365
8515004169
180639330
3179943394
101245820
4320686337
89
897567106
6396259706
102334155
3954906992
1744240073
7300806791
8477926921
6640787194
8043571333
180639330
5497371225
9245894187
5253954958
1004830644
2751660588
3899181948
5418388350
498257563
4375081648
9491861491
6011531258
6640787194
6846104725
5991844066
1613678408
6632487602
9253734625
1522759171
5939726817
490747343
7864266358
971074244
4503380838
2906700452
8348482228
3855687788
9193035135
921609955
1534473029
1965768329
4015242168
4490303871
207356365
7577148980
4103071037
4001556377
8034722419
7780008598
6398679240
6772255680
9253734625
1965768329
9005221300
3023597307
6180528150
3584517891
4927842459
8072108510
8161214058
8931154811
377
3223245371
5225211954
3999876142
3822190089
6049677334
4535089578
1043232376
3321206718
1745818433
1441695541
8152224674
5986469213
2583106452
9449746868
8152224674
63245986
2461422060
447750079
9093883314
5848979535
3292692109
7355075482
3565554522
6373574964
2031638991
7281005807
3899181948
8341170321
1480400973
2482051339
49796557
2444179154
53341047
9251157606
9193035135
4380251751
868087679
2667995244
7856241860
8602012770
1599236396
6294010573
1004830644
6606569630
6289349417
987
5113131111
8510497223
3284841147
2993708143
1522759171
4068209539
2300782966
4890592122
59487851
900580044
161849762
4218811137
961675391
2424346329
6123848611
428132173
9122656949
202252857
5854944133
6846104725
7255026045
6474198126
9181442104
1613678408
7117942250
8072108510
6529216153
1407466080
202711299
5207396870
5991844066
1397237810
6903153477
725005675
856362681
4887351437
6226164745
233
7131200125
9432444867
575796912
39088169
6594292475
3702484499
3203796657
1836311903
3822762820
2
2189621975
3154093057
8145978616
8048729201
40766791
3999876142
236648391
3670616416
7366079865
44349448
357715939
3948152849
947135821
196418
3284841147
1260452249
6632308294
1505162169
236648391
6571862772
13
4076519486
447750079
9391859982
7300806791
3082904966
3728513875
6913635021
8093716076
5853191676
8654031366
1161323099
7571837992
1802904534
100143123
1522759171
6621970775
6606569630
4363240991
5864178748
1668243420
7300806791
3553682011
8788632771
2314909668
6843690549
3824719313
8198058044
4830659587
8066691618
3292692109
4067903763
101245820
5768788913
4341927165
4770616871
1395429958
9391859982
1362635228
4765781447
4380251751
3840329870
7389005837
1260452249
7255026045
9302810686
6843690549
3111072649
3945105819
5145820672
3102448139
2774910988
174589466
8124679675
7316599307
7389005837
6621970775
6154053305
7889701201
2193122529
8515004169
9027926367
2792783442
7949641335
1931790479
7784456462
5754103106
2792783442
6862236147
3795567952
6154053305
6465642015
5131046682
39088169
5637519254
1407466080
6765709805
3553682011
2615968335
8632662760
7131200125
6453411955
2504272990
3287006503
7010162887
3028455434
3566207
6180528150
18348427
6779854338
2187310691
2339397217
4830659587
8689561431
1134903170
84981860
4620513351
7061318357
8511523069
8285674546
2736609370
856362681
6606569630
7218507583
1839766184
6135093410
5329611613
165580141
700601764
3685439604
44349448
1340398023
8490634453
3442898726
2474416476
2606476474
700601764
8546740149
4701585757
5717217294
6606569630
1409127554
101245820
236648391
9093883314
4320686337
239030869
6049677334
55
1839766184
2995218189
3553560341
7864266358
7337225410
2474416476
182715374
4125642038
4490303871
5207396870
1633411596
5432088687
6779325619
4807526976
2543073188
6903153477
6468761004
868087679
3702484499
8639932308
7728057316
8910704293
34
1439696276
5637519254
1589482110
6135280398
8036571199
6285582870
3566851720
317811
1668243420
3203796657
8979551610
315718739
7366079865
6453411955
1441695541
7312352899
2973629133
2995218189
3824719313
3194941700
379532876
1042518393
3
7064534963
3987433689
7809703880
1005952283
8161214058
4657239474
5813607659
1105642541
1409127554
6224534024
4007185601
1668243420
3016021666
7117942250
49796557
9260686596
1842401435
8641651076
1441695541
4801496300
1836311903
1909601274
2930909215
9005933253
5189494912
2099962500
5111978700
7889701201
3824719313
8066691618
7654354699
2919722575
9260686596
8097388134
4375906701
102334155
5432088687
7774205784
308966838
3782028131
4965881492
5939087017
2940130642
4028256467
5071510410
9126751853
6011531258
3833496567
2971215073
4412745366
3279315774
498257563
4521063701
9005221300
2589001208
1983962230
7061285929
7330740237
3082904966
9197518132
4348695508
9432444867
7809703880
700601764
8910704293
5145820672
4838648173
6493247129
8491571622
24157817
239397742
2197554013
6875571067
2663577304
6742133061
7330485377
1
8290068030
4344408510
4567959292
6428241216
7352916940
2906700452
4320686337
6959783689
8689561431
5397694530
8667018205
5654725098
4620513351
7784456462
3023597307
4657239474
8451535602
8161214058
9235635609
558719035
2913048049
5588939357
1407466080
947135821
8279496916
495872731
5921451753
6693560599
8632662760
7690676253
1111422566
4887351437
4770616871
7547531578
1134903170
8639932308
9449746868
2527276039
4380251751
5937368629
2931490299
6843690549
1851328998
328162984
4068209539
921609955
