383
86 78
15 94
35 87
92 50
21 63
27 91
59 64
26 41
26 73
36 12
68 68
29 83
30 63
23 68
35 30
2 23
58 70
67 94
56 12
42 30
73 22
19 85
37 99
24 16
70 14
26 92
80 57
73 63
70 97
81 6
25 85
27 37
5 47
29 14
57 25
95 83
45 15
67 35
64 44
50 88
8 77
78 89
84 4
51 55
99 33
60 77
68 40
12 27
86 95
39 96
70 35
78 68
1 98
2 18
92 53
56 2
80 87
41 66
89 45
19 41
29 32
17 98
71 82
75 10
27 68
56 98
53 87
65 7
83 20
24 29
71 33
29 4
19 71
68 9
15 41
49 97
23 19
45 47
51 22
55 80
88 65
28 42
50 94
0 35
64 25
14 88
56 44
91 28
65 60
36 33
51 38
28 76
7 75
21 59
95 30
37 36
93 19
28 44
11 29
29 77
4 44
63 14
38 7
40 5
18 29
88 70
17 18
96 25
43 71
83 91
99 73
25 45
90 6
39 55
86 70
82 43
64 98
7 56
4 49
11 23
28 100
43 47
68 41
22 12
10 6
1 62
30 79
5 21
36 45
26 23
65 9
16 83
58 25
37 63
24 1
36 53
99 80
50 69
71 74
31 82
30 34
94 61
63 100
81 100
96 60
73 14
68 91
95 27
66 85
40 91
84 77
42 37
7 46
56 80
18 88
12 49
72 60
9 37
10 43
87 7
1 14
72 22
55 20
99 22
4 40
11 41
67 6
28 28
50 85
58 21
24 23
69 97
81 31
84 93
72 73
50 26
85 23
99 41
42 99
13 99
90 25
90 10
81 20
36 33
55 95
4 80
69 74
76 51
55 61
42 80
84 94
5 22
67 5
13 62
54 27
59 45
2 3
6 85
21 43
68 29
89 73
8 59
98 37
8 54
48 4
33 34
48 91
54 68
46 69
29 1
46 89
97 50
90 4
33 64
97 54
92 87
25 53
96 76
88 58
29 37
60 15
21 61
4 29
27 51
48 57
2 95
97 100
43 40
2 29
3 1
81 48
38 60
51 36
34 40
92 16
27 5
29 50
64 86
29 44
35 78
0 39
71 50
89 68
88 93
95 44
44 30
90 83
40 42
69 27
32 62
42 61
17 24
61 82
9 91
25 97
67 78
34 91
26 25
57 15
68 6
58 13
86 1
46 27
94 17
52 79
29 47
90 48
70 52
80 32
93 58
27 13
86 15
55 13
90 13
79 11
69 90
74 56
41 21
33 88
88 39
66 71
84 57
17 7
60 50
37 6
59 18
18 46
83 74
58 74
37 90
83 8
78 58
14 72
29 1
59 19
38 26
88 75
33 58
81 94
58 71
99 18
39 70
63 23
94 74
47 32
62 83
90 93
91 58
15 22
57 75
91 48
51 32
21 38
40 55
30 99
25 82
16 17
2 32
39 97
4 39
80 19
21 71
62 13
79 78
85 37
4 77
83 8
59 58
44 100
11 28
50 37
60 19
5 64
49 45
11 6
34 92
75 56
14 90
68 94
18 6
82 23
82 18
30 94
74 27
93 87
53 44
74 15
13 80
77 63
75 89
19 11
32 95
17 47
35 38
91 54
43 74
28 26
91 11
18 18
36 64
55 91
58 31
4 72
61 34
85 90
73 5
51 6
50 69
3 86
6 96
39 50
20 68
26 64
77 97
81 66
60 37
55 71
18 12
42 33
96 80
21 71
84 73
27 35
