1681692776 846930885
1957747792 1714636914
719885385 424238334
596516648 1649760491
1025202361 1189641420
783368689 1350490026
2044897762 1102520058
1365180539 1967513925
304089171 1540383425
35005210 1303455735
294702566 521595367
336465781 1726956428
278722861 861021529
2145174066 233665122
1101513928 468703134
1315634021 1801979801
1369133068 635723057
1059961392 1125898166
628175010 2089018455
1131176228 1656478041
859484420 1653377372
608413783 1914544918
1734575197 756898536
149798314 1973594323
1129566412 2038664369
412776090 184803525
1911759955 1424268979
137806861 749241872
982906995 42999169
511702304 135497280
1937477083 2084420924
572660335 1827336326
805750845 1159126504
1100661312 1632621728
1141616123 1433925856
939819581 84353894
1998898813 2001100544
610515433 1548233366
1374344042 1585990363
1477171086 760313749
945117275 356426807
1780695787 1889947177
491705402 709393583
752392753 1918502650
2053999931 1474612398
1411549675 1264095059
943947738 1843993367
855636225 1984210011
1469348093 1749698585
1036140794 1956297538
2040651433 463480569
317097466 1975960377
1376710096 1892066600
1330573316 927612901
1687926651 603570491
959997300 660260755
402724285 485560279
1194953864 593209440
364228443 894429688
221558439 1947346618
1063958030 270744728
2114738096 1633108116
1469834480 2007905770
1610120708 822890674
631704566 791698926
1255179496 498777855
327254585 524872352
269455305 1572276964
352406218 1703964682
160051527 1600028623
112805731 2040332870
378409502 1120048828
1713258269 515530018
1409959707 1573363367
1373226339 2077486714
200747795 1631518148
1117142617 289700722
150122845 168002244
990892920 439493450
1231192378 1760243554
111537763 1622597487
2147469840 338888227
1911165192 438792349
