1681692776 846930885
1957747792 1714636914
719885385 424238334
596516648 1649760491
1025202361 1189641420
783368689 1350490026
2044897762 1102520058
1365180539 1967513925
304089171 1540383425
35005210 1303455735
294702566 521595367
336465781 1726956428
278722861 861021529
2145174066 233665122
1101513928 468703134
1315634021 1801979801
1369133068 635723057
1059961392 1125898166
628175010 2089018455
1131176228 1656478041
859484420 1653377372
608413783 1914544918
1734575197 756898536
149798314 1973594323
1129566412 2038664369
412776090 184803525
1911759955 1424268979
137806861 749241872
982906995 42999169
511702304 135497280
1937477083 2084420924
572660335 1827336326
805750845 1159126504
1100661312 1632621728
1141616123 1433925856
939819581 84353894
1998898813 2001100544
610515433 1548233366
1374344042 1585990363
1477171086 760313749
945117275 356426807
1780695787 1889947177
491705402 709393583
752392753 1918502650
2053999931 1474612398
1411549675 1264095059
943947738 1843993367
855636225 1984210011
1469348093 1749698585
1036140794 1956297538
2040651433 463480569
317097466 1975960377
1376710096 1892066600
1330573316 927612901
1687926651 603570491
959997300 660260755
402724285 485560279
1194953864 593209440
364228443 894429688
221558439 1947346618
1063958030 270744728
2114738096 1633108116
1469834480 2007905770
1610120708 822890674
631704566 791698926
1255179496 498777855
327254585 524872352
269455305 1572276964
352406218 1703964682
160051527 1600028623
112805731 2040332870
378409502 1120048828
1713258269 515530018
1409959707 1573363367
1373226339 2077486714
200747795 1631518148
1117142617 289700722
150122845 168002244
990892920 439493450
1231192378 1760243554
111537763 1622597487
2147469840 338888227
1911165192 438792349
2142757033 269441499
1869470123 116087763
8936986 155324913
1275373742 1982275855
350322226 387346490
1960709858 841148364
771151431 1760281935
1244316436 1186452550
1476153274 971899227
1139901473 213975406
653468857 1626276120
1239036028 2130794394
1605908234 1884661236
76065817 1350573792
1789366142 1605894427
1875335927 1987231010
2103318775 1784639528
1939964442 1597322403
1432114612 2112255762
352118605 1067854537
1909002903 1782436839
1395235127 165344817
1351797368 532670687
1504569916 492067916
706043323 680466995
159259469 496987742
480298489 1359512182
1096689771 1398295498
601385643 2086206724
1544617504 1172755589
1012502953 243268138
2027907668 1272469785
722308541 968338081
933110196 1820388463
740759354 6939506
1789376347 1285228803
1450573621 502278610
1034949298 1037127827
1529195745 654887342
1335354339 392035567
889023310 87755421
1447267604 1494613809
745425660 1369321800
1308044877 396473729
1569229319 1346811304
1590079443 705178735
1977648521 434248625
1402586707 1470503464
1143408281 552473415
559412923 188213257
1473442061 1884167636
238962599 201305623
1238433451 776532035
1431419378 1273911898
1665947467 620145549
707900972 619290070
2113903880 407487130
1776808932 7684929
404158659 711845893
2058657198 937370162
1642548898 1973387980
260152958 1501252995
824272812 1472713772
2025187189 1662739667
1850952925 1967681094
1704365083 437116465
638422089 1176911339
1953443375 1943327683
1069755935 1876855541
349517444 1237379106
1856669178 588219755
995706886 1057418417
1065103347 1823089411
387451658 625032171
1562402335 1469262008
1295166341 298625209
1799878205 1057467586
382697712 1555319300
1070575320 476667371
296864818 260401254
697517720 774044598
1950955938 2001229903
1797073939 1335939810
1065311704 1756915666
846811126 719346227
1307565983 1414829149
324763919 555996657
231602421 155789223
780821395 1389867268
711645629 619054080
917679291 195740083
1253207671 2006811971
1414647624 570073849
1046741221 1635905384
1896306639 337739298
1111783897 1343606041
1197352297 446340712
1782280523 915256189
524688208 846942589
1566288818 700108580
2114937731 1371499335
1927495993 726371154
882160378 292218003
1682085272 11614768
630668849 1662981775
1858721859 246247254
105575578 1548348141
2118421992 964445883
452867620 1520223204
1857962503 1017679566
213801960 201690612
648031325 822262753
1737518943 1411154258
110613201 282828201
982936783 114723505
1486222841 1676902020
255789527 950390867
1242608871 1266235188
1277849957 1137949907
653448035 777210497
1023457752 1908518807
1309383302 364686247
1329132132 1129033332
501772889 1280321647
150517566 1781999753
1983690367 212251745
1034514499 364319528
1775473787 484238045
767066248 624549796
739273302 1886086989
1415505362 1750003032
552910252 78012496
1344247685 1671294891
661761151 1795519124
425245974 474613995
235649156 1315209187
1679895435 1448703728
430253413 1545032459
677870459 861543920
496060027 932026303
1144278049 828388026
1192707555 332266747
816504793 31308901
655858698 820697696
559301038 1583571042
1186090427 1395132001
1473144499 1974806402
1498617646 1739000680
1387036158 669908537
1144522534 12895150
1328104338 1812282133
1113502214 1380171691
777720503 860516126
1722060048 1543755628
328298284 1455590963
136495342 70636428
402903176 1472576334
1503885237 1329202899
2416948 1219407970
655495366 12260288
1407392291 561717987
389040742 1841585794
1433102828 733053143
1402961681 1887658389
1900553540 672655339
337453825 400000568
1780172260 1081174231
1941690359 1450956041
847228022 410409116
1866000080 1516266760
1586903189 1175526308
500618995 2002495424
1184214676 1989806366
1061730689 2004504233
2016764523 1186631625
1748349613 1717226056
1411328204 1276673167
2009726311 2137390357
1877565099 696947385
1369602725 1265204345
1665204915 1630634993
564325577 1707056551
1010528945 1297893528
1708302646 358532289
1874799050 1857756969
885799630 1426819079
1281830856 1314218592
1156541311 1386418626
1243439213 318561885
1505193511 70788354
1788014411 1112720089
241909609 1106059478
1095966188 1051858968
1748806354 104152273
1369356619 826047640
309198986 970925432
530498337 887077887
37487769 873524565
1232056855 1541027283
1251300605 1745790416
1025125848 959372259
126107204 2137100236
1376035216 159473058
478034944 1282648517
1353436872 471990782
1584710872 1983228457
941804288 993967636
2045826606 1826620482
1930772756 2037770477
716334470 1647149313
470591099 1152645728
2039723617 1025533458
1899058024 1001089437
394633073 2077211387
1675518156 983631232
1943003492 1645933680
1635550269 553160357
712633416 2069110698
1204275568 864101838
1336092621 1190668362
1026413172 410228793
1404196430 773319846
452456681 1968217461
1858504291 1302539389
802205056 235745790
1388391520 427355114
1452888573 1272796156
126401946 1280631490
1210359230 1204462950
40610536 521035020
19485053 738393739
1291554097 1983614029
1905241080 1655035324
371653515 2004187515
1047372230 962033001
1372261795 1707746138
333582337 2073785403
1894519217 628974579
1931513969 786039020
1021784811 1605539861
2032894976 586235378
1859031535 262692684
1543324175 1338299903
395279206 1985433482
358984856 606199758
1344593498 435889743
272020126 378469910
2033505235 488663949
345367817 29777559
991810562 257675104
1965421243 1392740048
1319041804 216588710
845563290 151519933
937558954 1066077374
524133588 629593613
1215828992 1959343767
74552804 409544917
1747844821 927376881
765326716 1617876981
76593092 2143124029
431530125 1124311573
1502781485 1421186592
1909850542 703550252
733327813 1388803073
1646478178 107734712
1500474761 1725138376
1941727087 1464415774
1615935709 672032918
1738110293 639806731
1269400345 406011016
217871136 114760234
524305152 337745690
1265122572 292423942
1910300924 124666327
120306709 2030449290
1007277216 1986894017
1260596962 551836835
1255387089 362575054
1751378129 1022963857
1130698570 1988714903
1566369632 1250372660
567304788 483689684
1155722603 1360613072
2000419804 35756850
441767867 746349249
861109484 1122336502
1460082194 659639005
952062948 1385414638
1510080966 577721119
460686762 714880225
554290595 1630387676
34740864 1467963980
1830539035 1814887559
690367769 1290127954
1131359210 1434433517
537322531 1821066341
157272378 550245195
1910858269 1104627320
1140384171 1312994983
2059344233 1763794426
