77 85
93 14
86 34
49 91
62 20
90 26
63 58
40 25
72 25
11 35
67 67
82 28
62 29
67 22
29 34
22 1
69 57
93 66
11 55
29 41
21 72
84 18
98 36
15 23
13 69
91 25
56 79
62 72
96 69
5 80
84 24
36 26
46 4
13 28
24 56
82 94
14 44
34 66
43 63
87 49
76 7
88 77
3 83
54 50
32 98
76 59
39 67
26 11
94 85
95 38
34 69
67 77
97 0
17 1
52 91
1 55
86 79
65 40
44 88
40 18
31 28
97 16
81 70
9 74
67 26
97 55
86 52
6 64
19 82
28 23
32 70
3 28
70 18
8 67
40 14
96 48
18 22
46 44
21 50
79 54
64 87
41 27
93 49
34 -1
24 63
87 13
43 55
27 90
59 64
32 35
37 50
75 27
74 6
58 20
29 94
35 36
18 92
43 27
28 10
76 28
43 3
13 62
6 37
4 39
28 17
69 87
17 16
24 95
70 42
90 82
72 98
44 24
5 89
54 38
69 85
42 81
97 63
55 6
48 3
22 10
99 27
46 42
40 67
11 21
5 9
61 0
78 29
20 4
44 35
22 25
8 64
82 15
24 57
62 36
0 23
52 35
79 98
68 49
73 70
81 30
33 29
60 93
99 62
99 80
59 95
13 72
90 67
26 94
84 65
90 39
76 83
36 41
45 6
79 55
87 17
48 11
59 71
36 8
42 9
6 86
13 0
21 71
19 54
21 98
39 3
40 10
5 66
27 27
84 49
20 57
22 23
96 68
30 80
92 83
72 71
25 49
22 84
40 98
98 41
98 12
24 89
9 89
19 80
32 35
94 54
79 3
73 68
50 75
60 54
79 41
93 83
21 4
4 66
61 12
26 53
44 58
2 1
84 5
42 20
28 67
72 88
58 7
36 97
53 7
3 47
33 32
90 47
67 53
68 45
0 28
88 45
49 96
3 89
63 32
53 96
86 91
52 24
75 95
57 87
36 28
14 59
60 20
28 3
50 26
56 47
94 1
99 96
39 42
28 1
0 2
47 80
59 37
35 50
39 33
15 91
4 26
49 28
85 63
43 28
77 34
38 -1
49 70
67 88
92 87
43 94
29 43
82 89
41 39
26 68
61 31
60 41
23 16
81 60
90 8
96 24
77 66
90 33
24 25
14 56
5 67
12 57
0 85
26 45
16 93
78 51
46 28
47 89
51 69
31 79
57 92
12 26
14 85
12 54
12 89
10 78
89 68
55 73
20 40
87 32
38 87
70 65
56 83
6 16
49 59
5 36
17 58
45 17
73 82
73 57
89 36
7 82
57 77
71 13
0 28
18 58
25 37
74 87
57 32
93 80
70 57
17 98
69 38
22 62
73 93
31 46
82 61
92 89
57 90
21 14
74 56
47 90
31 50
37 20
54 39
98 29
81 24
16 15
31 1
96 38
38 3
18 79
70 20
12 61
77 78
36 84
76 3
7 82
57 58
99 43
27 10
36 49
18 59
63 4
44 48
5 10
91 33
55 74
89 13
93 67
5 17
22 81
17 81
93 29
26 73
86 92
43 52
14 73
79 12
62 76
88 74
10 18
94 31
46 16
37 34
53 90
73 42
25 27
10 90
17 17
63 35
90 54
30 57
71 3
33 60
89 84
4 72
5 50
68 49
85 2
95 5
49 38
67 19
63 25
96 76
65 80
36 59
70 54
11 17
32 41
79 95
70 20
72 83
34 26
